DENSITY: 0.499997
DOUBLE-OCC: 0.012380
SUM-RULE: 0.249135
