DENSITY: 0.499994
DOUBLE-OCC: 0.028170
SUM-RULE: 0.236114
