DENSITY: 0.500000
DOUBLE-OCC: 0.055076
SUM-RULE: 0.234560
