DENSITY: 0.500000
DOUBLE-OCC: 0.014223
SUM-RULE: 0.246478
