DENSITY: 0.499999
DOUBLE-OCC: 0.050044
SUM-RULE: 0.235252
