DENSITY: 0.500001
DOUBLE-OCC: 0.124231
SUM-RULE: 0.226980
