DENSITY: 0.500000
DOUBLE-OCC: 0.078604
SUM-RULE: 0.230398
