DENSITY: 0.499994
DOUBLE-OCC: 0.011975
SUM-RULE: 0.249181
