DENSITY: 0.500000
DOUBLE-OCC: 0.052184
SUM-RULE: 0.234976
