DENSITY: 0.500001
DOUBLE-OCC: 0.012635
SUM-RULE: 0.249105
