DENSITY: 0.500000
DOUBLE-OCC: 0.013626
SUM-RULE: 0.248670
