DENSITY: 0.500002
DOUBLE-OCC: 0.012221
SUM-RULE: 0.249187
