DENSITY: 0.500001
DOUBLE-OCC: 0.013820
SUM-RULE: 0.248626
