DENSITY: 0.500001
DOUBLE-OCC: 0.032739
SUM-RULE: 0.236208
