DENSITY: 0.500000
DOUBLE-OCC: 0.050755
SUM-RULE: 0.235160
