DENSITY: 0.499994
DOUBLE-OCC: 0.012975
SUM-RULE: 0.248987
