DENSITY: 0.499998
DOUBLE-OCC: 0.034422
SUM-RULE: 0.236222
