DENSITY: 0.500000
DOUBLE-OCC: 0.100797
SUM-RULE: 0.227309
