DENSITY: 0.500000
DOUBLE-OCC: 0.059495
SUM-RULE: 0.233858
