DENSITY: 0.500000
DOUBLE-OCC: 0.099995
SUM-RULE: 0.227388
