DENSITY: 0.500001
DOUBLE-OCC: 0.041187
SUM-RULE: 0.236051
