DENSITY: 0.500001
DOUBLE-OCC: 0.053625
SUM-RULE: 0.234777
