DENSITY: 0.500004
DOUBLE-OCC: 0.011171
SUM-RULE: 0.248880
