DENSITY: 0.500000
DOUBLE-OCC: 0.067786
SUM-RULE: 0.232380
