DENSITY: 0.500000
DOUBLE-OCC: 0.048637
SUM-RULE: 0.235418
