DENSITY: 0.499997
DOUBLE-OCC: 0.039259
SUM-RULE: 0.236145
