DENSITY: 0.500000
DOUBLE-OCC: 0.082521
SUM-RULE: 0.229713
