DENSITY: 0.500000
DOUBLE-OCC: 0.070852
SUM-RULE: 0.231818
