DENSITY: 0.500000
DOUBLE-OCC: 0.116114
SUM-RULE: 0.226739
