DENSITY: 0.500000
DOUBLE-OCC: 0.068550
SUM-RULE: 0.232237
