DENSITY: 0.499991
DOUBLE-OCC: 0.011302
SUM-RULE: 0.248067
