DENSITY: 0.500000
DOUBLE-OCC: 0.057275
SUM-RULE: 0.234226
