DENSITY: 0.500051
DOUBLE-OCC: 0.026471
SUM-RULE: 0.236105
