DENSITY: 0.500000
DOUBLE-OCC: 0.014642
SUM-RULE: 0.247193
