DENSITY: 0.499999
DOUBLE-OCC: 0.012548
SUM-RULE: 0.249125
