DENSITY: 0.500000
DOUBLE-OCC: 0.079385
SUM-RULE: 0.230252
