DENSITY: 0.500002
DOUBLE-OCC: 0.012467
SUM-RULE: 0.249167
