DENSITY: 0.500000
DOUBLE-OCC: 0.073165
SUM-RULE: 0.231392
