DENSITY: 0.500000
DOUBLE-OCC: 0.013531
SUM-RULE: 0.248908
