DENSITY: 0.500000
DOUBLE-OCC: 0.070082
SUM-RULE: 0.231959
