DENSITY: 0.500003
DOUBLE-OCC: 0.011679
SUM-RULE: 0.249248
