DENSITY: 0.500000
DOUBLE-OCC: 0.097594
SUM-RULE: 0.227628
