DENSITY: 0.500000
DOUBLE-OCC: 0.091217
SUM-RULE: 0.228385
