DENSITY: 0.500000
DOUBLE-OCC: 0.042498
SUM-RULE: 0.235970
