DENSITY: 0.500000
DOUBLE-OCC: 0.083308
SUM-RULE: 0.229584
