DENSITY: 0.499999
DOUBLE-OCC: 0.120979
SUM-RULE: 0.226828
