DENSITY: 0.499998
DOUBLE-OCC: 0.013918
SUM-RULE: 0.248909
