DENSITY: 0.500000
DOUBLE-OCC: 0.093599
SUM-RULE: 0.228317
