DENSITY: 0.499992
DOUBLE-OCC: 0.011231
SUM-RULE: 0.249298
