DENSITY: 0.499994
DOUBLE-OCC: 0.018404
SUM-RULE: 0.247901
