DENSITY: 0.500000
DOUBLE-OCC: 0.012633
SUM-RULE: 0.246242
