DENSITY: 0.500003
DOUBLE-OCC: 0.011754
SUM-RULE: 0.249294
