DENSITY: 0.500000
DOUBLE-OCC: 0.096792
SUM-RULE: 0.227921
