DENSITY: 0.500001
DOUBLE-OCC: 0.015667
SUM-RULE: 0.248198
