DENSITY: 0.500000
DOUBLE-OCC: 0.017950
SUM-RULE: 0.247993
