DENSITY: 0.499997
DOUBLE-OCC: 0.014427
SUM-RULE: 0.248874
