DENSITY: 0.499999
DOUBLE-OCC: 0.116112
SUM-RULE: 0.226781
