DENSITY: 0.500000
DOUBLE-OCC: 0.150395
SUM-RULE: 0.229810
