DENSITY: 0.500000
DOUBLE-OCC: 0.019225
SUM-RULE: 0.247448
