DENSITY: 0.499999
DOUBLE-OCC: 0.021879
SUM-RULE: 0.246638
