DENSITY: 0.500000
DOUBLE-OCC: 0.058010
SUM-RULE: 0.234216
