DENSITY: 0.500000
DOUBLE-OCC: 0.011827
SUM-RULE: 0.248850
