DENSITY: 0.500000
DOUBLE-OCC: 0.110452
SUM-RULE: 0.226893
