DENSITY: 0.499999
DOUBLE-OCC: 0.013160
SUM-RULE: 0.249074
