DENSITY: 0.500000
DOUBLE-OCC: 0.011167
SUM-RULE: 0.249118
