DENSITY: 0.500000
DOUBLE-OCC: 0.008696
SUM-RULE: 0.244124
