DENSITY: 0.500001
DOUBLE-OCC: 0.125045
SUM-RULE: 0.227022
