DENSITY: 0.500013
DOUBLE-OCC: 0.023992
SUM-RULE: 0.245226
