DENSITY: 0.500007
DOUBLE-OCC: 0.022103
SUM-RULE: 0.246240
