DENSITY: 0.500001
DOUBLE-OCC: 0.016160
SUM-RULE: 0.248445
