DENSITY: 0.500000
DOUBLE-OCC: 0.015197
SUM-RULE: 0.247725
