DENSITY: 0.500000
DOUBLE-OCC: 0.074708
SUM-RULE: 0.231374
