DENSITY: 0.500000
DOUBLE-OCC: 0.067783
SUM-RULE: 0.232625
