DENSITY: 0.499999
DOUBLE-OCC: 0.124230
SUM-RULE: 0.226979
