DENSITY: 0.500009
DOUBLE-OCC: 0.023244
SUM-RULE: 0.245987
