DENSITY: 0.500000
DOUBLE-OCC: 0.064743
SUM-RULE: 0.233150
