DENSITY: 0.500000
DOUBLE-OCC: 0.104006
SUM-RULE: 0.227251
