DENSITY: 0.500001
DOUBLE-OCC: 0.017800
SUM-RULE: 0.248187
