DENSITY: 0.500001
DOUBLE-OCC: 0.015429
SUM-RULE: 0.247863
