DENSITY: 0.500000
DOUBLE-OCC: 0.019396
SUM-RULE: 0.247503
