DENSITY: 0.500000
DOUBLE-OCC: 0.091214
SUM-RULE: 0.228496
