DENSITY: 0.500001
DOUBLE-OCC: 0.017366
SUM-RULE: 0.248169
