DENSITY: 0.500000
DOUBLE-OCC: 0.099191
SUM-RULE: 0.227668
