DENSITY: 0.500006
DOUBLE-OCC: 0.022773
SUM-RULE: 0.245901
