DENSITY: 0.500000
DOUBLE-OCC: 0.067020
SUM-RULE: 0.232754
