DENSITY: 0.500001
DOUBLE-OCC: 0.020477
SUM-RULE: 0.246533
