DENSITY: 0.500000
DOUBLE-OCC: 0.109645
SUM-RULE: 0.226924
