DENSITY: 0.499998
DOUBLE-OCC: 0.018729
SUM-RULE: 0.246676
