DENSITY: 0.500001
DOUBLE-OCC: 0.012981
SUM-RULE: 0.248885
