DENSITY: 0.500011
DOUBLE-OCC: 0.023490
SUM-RULE: 0.245511
