DENSITY: 0.500000
DOUBLE-OCC: 0.101596
SUM-RULE: 0.227442
