DENSITY: 0.500000
DOUBLE-OCC: 0.058750
SUM-RULE: 0.234106
