DENSITY: 0.500016
DOUBLE-OCC: 0.025068
SUM-RULE: 0.244602
