density: 0.500000
double-occ: 0.098394
sum-rule: 0.247513
