density: 0.500000
double-occ: 0.008411
sum-rule: 0.249793
