density: 0.500000
double-occ: 0.017080
sum-rule: 0.250313
