density: 0.499992
double-occ: 0.067108
sum-rule: 0.247107
