density: 0.500001
double-occ: 0.021052
sum-rule: 0.250498
