density: 0.500000
double-occ: 0.117690
sum-rule: 0.247661
