density: 0.500000
double-occ: 0.009722
sum-rule: 0.250628
