density: 0.499999
double-occ: 0.087289
sum-rule: 0.247357
