density: 0.499997
double-occ: 0.081790
sum-rule: 0.247305
