density: 0.500000
double-occ: 0.018564
sum-rule: 0.250045
