density: 0.500000
double-occ: 0.014858
sum-rule: 0.250412
