density: 0.500001
double-occ: 0.019740
sum-rule: 0.249807
