density: 0.500000
double-occ: 0.011825
sum-rule: 0.251688
