density: 0.500002
double-occ: 0.108010
sum-rule: 0.247461
