density: 0.499999
double-occ: 0.096004
sum-rule: 0.247479
