density: 0.499997
double-occ: 0.079446
sum-rule: 0.247312
