density: 0.499995
double-occ: 0.071700
sum-rule: 0.247108
