density: 0.500000
double-occ: 0.106400
sum-rule: 0.247609
