density: 0.500000
double-occ: 0.011902
sum-rule: 0.251637
