density: 0.500000
double-occ: 0.009779
sum-rule: 0.250592
