density: 0.499984
double-occ: 0.057351
sum-rule: 0.247088
