density: 0.500000
double-occ: 0.008234
sum-rule: 0.249794
