density: 0.500000
double-occ: 0.011167
sum-rule: 0.251251
