density: 0.500000
double-occ: 0.013159
sum-rule: 0.250264
