density: 0.500000
double-occ: 0.010892
sum-rule: 0.251521
