density: 0.500000
double-occ: 0.009610
sum-rule: 0.250741
