density: 0.500000
double-occ: 0.017649
sum-rule: 0.250140
