density: 0.500000
double-occ: 0.008881
sum-rule: 0.250195
