density: 0.500000
double-occ: 0.012060
sum-rule: 0.249920
