density: 0.499988
double-occ: 0.063318
sum-rule: 0.247170
