density: 0.500000
double-occ: 0.013819
sum-rule: 0.250512
