density: 0.500000
double-occ: 0.114455
sum-rule: 0.247687
