density: 0.500000
double-occ: 0.008737
sum-rule: 0.249751
