density: 0.500000
double-occ: 0.095208
sum-rule: 0.247492
