density: 0.500001
double-occ: 0.020100
sum-rule: 0.249733
