density: 0.500000
double-occ: 0.099991
sum-rule: 0.247510
