density: 0.500000
double-occ: 0.015543
sum-rule: 0.250682
