density: 0.499985
double-occ: 0.059572
sum-rule: 0.247200
