density: 0.500000
double-occ: 0.019221
sum-rule: 0.249913
