density: 0.500001
double-occ: 0.022089
sum-rule: 0.250762
