density: 0.500000
double-occ: 0.008930
sum-rule: 0.250173
