density: 0.499990
double-occ: 0.062569
sum-rule: 0.247166
