density: 0.500000
double-occ: 0.012465
sum-rule: 0.250058
