density: 0.500001
double-occ: 0.022531
sum-rule: 0.251135
