density: 0.500000
double-occ: 0.015662
sum-rule: 0.250395
