density: 0.500000
double-occ: 0.009836
sum-rule: 0.250557
