density: 0.500000
double-occ: 0.010825
sum-rule: 0.251244
