density: 0.500001
double-occ: 0.019919
sum-rule: 0.249766
