density: 0.500000
double-occ: 0.112841
sum-rule: 0.247551
