density: 0.499993
double-occ: 0.027641
sum-rule: 0.249411
