density: 0.500000
double-occ: 0.025040
sum-rule: 0.249992
