density: 0.499999
double-occ: 0.090449
sum-rule: 0.247293
