density: 0.500001
double-occ: 0.024227
sum-rule: 0.251764
