density: 0.500000
double-occ: 0.014323
sum-rule: 0.250671
