density: 0.499991
double-occ: 0.064831
sum-rule: 0.247026
