density: 0.500000
double-occ: 0.011236
sum-rule: 0.251627
