density: 0.500000
double-occ: 0.011525
sum-rule: 0.251692
