density: 0.500001
double-occ: 0.021456
sum-rule: 0.250351
