density: 0.500000
double-occ: 0.014118
sum-rule: 0.250535
