density: 0.500000
double-occ: 0.017219
sum-rule: 0.250305
