density: 0.500000
double-occ: 0.008278
sum-rule: 0.249790
