density: 0.499998
double-occ: 0.085715
sum-rule: 0.247263
