density: 0.500000
double-occ: 0.014220
sum-rule: 0.250639
