density: 0.500000
double-occ: 0.116073
sum-rule: 0.247531
