density: 0.500000
double-occ: 0.013917
sum-rule: 0.250544
