density: 0.500000
double-occ: 0.103993
sum-rule: 0.247520
