density: 0.500000
double-occ: 0.011674
sum-rule: 0.251436
