density: 0.500000
double-occ: 0.011749
sum-rule: 0.251738
