density: 0.499999
double-occ: 0.092825
sum-rule: 0.247444
