density: 0.500000
double-occ: 0.125805
sum-rule: 0.247797
