density: 0.500000
double-occ: 0.013069
sum-rule: 0.250219
