density: 0.500000
double-occ: 0.012548
sum-rule: 0.250086
