density: 0.499992
double-occ: 0.066347
sum-rule: 0.247141
