density: 0.499997
double-occ: 0.080227
sum-rule: 0.247251
