density: 0.500000
double-occ: 0.104794
sum-rule: 0.247576
