density: 0.499998
double-occ: 0.026232
sum-rule: 0.249553
