density: 0.500000
double-occ: 0.008366
sum-rule: 0.249791
