density: 0.500000
double-occ: 0.112035
sum-rule: 0.247494
