density: 0.500000
double-occ: 0.010960
sum-rule: 0.251429
