density: 0.500001
double-occ: 0.019564
sum-rule: 0.249837
