density: 0.500000
double-occ: 0.012804
sum-rule: 0.250168
