density: 0.500000
double-occ: 0.012980
sum-rule: 0.250222
