density: 0.500000
double-occ: 0.011308
sum-rule: 0.251540
