density: 0.499985
double-occ: 0.058089
sum-rule: 0.247087
