density: 0.500000
double-occ: 0.010130
sum-rule: 0.250712
