density: 0.500001
double-occ: 0.021874
sum-rule: 0.250884
