density: 0.500000
double-occ: 0.009234
sum-rule: 0.250504
