density: 0.500000
double-occ: 0.089660
sum-rule: 0.247246
