density: 0.499999
double-occ: 0.084144
sum-rule: 0.247157
