density: 0.499996
double-occ: 0.076335
sum-rule: 0.247256
