density: 0.499999
double-occ: 0.086502
sum-rule: 0.247316
