density: 0.500001
double-occ: 0.021252
sum-rule: 0.250410
