density: 0.500000
double-occ: 0.008689
sum-rule: 0.249763
