density: 0.499988
double-occ: 0.061816
sum-rule: 0.247124
