density: 0.500000
double-occ: 0.099192
sum-rule: 0.247545
