density: 0.500000
double-occ: 0.013722
sum-rule: 0.250418
