density: 0.500000
double-occ: 0.009339
sum-rule: 0.250422
