density: 0.499996
double-occ: 0.077111
sum-rule: 0.247272
