density: 0.500000
double-occ: 0.018097
sum-rule: 0.250248
