density: 0.499988
double-occ: 0.061068
sum-rule: 0.247066
