density: 0.500000
double-occ: 0.019053
sum-rule: 0.249958
