density: 0.500000
double-occ: 0.009081
sum-rule: 0.250118
