density: 0.500000
double-occ: 0.010070
sum-rule: 0.250758
