density: 0.500000
double-occ: 0.120932
sum-rule: 0.247625
