density: 0.499997
double-occ: 0.075560
sum-rule: 0.247243
