density: 0.500000
double-occ: 0.012633
sum-rule: 0.250093
