density: 0.500000
double-occ: 0.016029
sum-rule: 0.250542
