density: 0.499997
double-occ: 0.077888
sum-rule: 0.247285
