density: 0.499996
double-occ: 0.073241
sum-rule: 0.247181
