density: 0.500000
double-occ: 0.016673
sum-rule: 0.250434
