density: 0.500000
double-occ: 0.014017
sum-rule: 0.250581
