density: 0.500001
double-occ: 0.024492
sum-rule: 0.251641
