density: 0.499993
double-occ: 0.067869
sum-rule: 0.247146
