density: 0.500000
double-occ: 0.017504
sum-rule: 0.250236
