density: 0.500000
double-occ: 0.015905
sum-rule: 0.250507
