density: 0.500001
double-occ: 0.022758
sum-rule: 0.251064
