density: 0.499993
double-occ: 0.069397
sum-rule: 0.247187
