density: 0.499996
double-occ: 0.072471
sum-rule: 0.247149
