density: 0.499995
double-occ: 0.070933
sum-rule: 0.247020
