density: 0.499999
double-occ: 0.084929
sum-rule: 0.247212
