density: 0.499999
double-occ: 0.105596
sum-rule: 0.247593
