density: 0.499990
double-occ: 0.064074
sum-rule: 0.247171
