density: 0.500000
double-occ: 0.015194
sum-rule: 0.250541
