density: 0.499997
double-occ: 0.082572
sum-rule: 0.247329
