density: 0.500000
double-occ: 0.011028
sum-rule: 0.251366
