density: 0.500000
double-occ: 0.103192
sum-rule: 0.247453
