density: 0.499987
double-occ: 0.060320
sum-rule: 0.246962
