density: 0.500000
double-occ: 0.015309
sum-rule: 0.250594
