density: 0.500000
double-occ: 0.013342
sum-rule: 0.250336
