density: 0.500000
double-occ: 0.023715
sum-rule: 0.251564
