density: 0.500000
double-occ: 0.009501
sum-rule: 0.250324
