density: 0.500000
double-occ: 0.012718
sum-rule: 0.250164
