density: 0.499997
double-occ: 0.081008
sum-rule: 0.247274
