density: 0.500000
double-occ: 0.009030
sum-rule: 0.250138
