density: 0.499985
double-occ: 0.058829
sum-rule: 0.247233
