density: 0.500000
double-occ: 0.094413
sum-rule: 0.247447
