density: 0.500000
double-occ: 0.097597
sum-rule: 0.247503
