density: 0.500001
double-occ: 0.020661
sum-rule: 0.250563
