density: 0.500000
double-occ: 0.118500
sum-rule: 0.247727
