density: 0.500000
double-occ: 0.016154
sum-rule: 0.250592
