density: 0.500000
double-occ: 0.010312
sum-rule: 0.250966
