density: 0.500000
double-occ: 0.018887
sum-rule: 0.250110
