density: 0.499992
double-occ: 0.065588
sum-rule: 0.247061
