density: 0.499998
double-occ: 0.083357
sum-rule: 0.247352
