density: 0.500000
double-occ: 0.113648
sum-rule: 0.247623
