density: 0.500001
double-occ: 0.108813
sum-rule: 0.247515
