density: 0.500000
double-occ: 0.015783
sum-rule: 0.250439
