density: 0.499999
double-occ: 0.093619
sum-rule: 0.247467
