density: 0.500000
double-occ: 0.016807
sum-rule: 0.250498
