density: 0.500000
double-occ: 0.016281
sum-rule: 0.250643
