density: 0.499999
double-occ: 0.025618
sum-rule: 0.249799
