density: 0.500000
double-occ: 0.107202
sum-rule: 0.247654
