density: 0.499996
double-occ: 0.074785
sum-rule: 0.247226
