density: 0.500000
double-occ: 0.012892
sum-rule: 0.250195
