density: 0.499994
double-occ: 0.027250
sum-rule: 0.249116
