density: 0.499997
double-occ: 0.078667
sum-rule: 0.247298
