density: 0.499999
double-occ: 0.088867
sum-rule: 0.247412
