density: 0.500000
double-occ: 0.023469
sum-rule: 0.251272
