density: 0.499998
double-occ: 0.026556
sum-rule: 0.249383
