density: 0.500001
double-occ: 0.020855
sum-rule: 0.250537
