density: 0.500001
double-occ: 0.021663
sum-rule: 0.250876
