density: 0.500000
double-occ: 0.121743
sum-rule: 0.247695
