density: 0.500000
double-occ: 0.008980
sum-rule: 0.250156
