density: 0.500001
double-occ: 0.022309
sum-rule: 0.250686
