density: 0.500000
double-occ: 0.109617
sum-rule: 0.247583
