density: 0.500000
double-occ: 0.017945
sum-rule: 0.250100
