density: 0.500000
double-occ: 0.019391
sum-rule: 0.249873
