density: 0.500000
double-occ: 0.013625
sum-rule: 0.250388
