density: 0.499995
double-occ: 0.026892
sum-rule: 0.249111
