density: 0.500000
double-occ: 0.124992
sum-rule: 0.247730
