density: 0.500000
double-occ: 0.012219
sum-rule: 0.249978
