density: 0.499993
double-occ: 0.068633
sum-rule: 0.247173
