density: 0.500001
double-occ: 0.020285
sum-rule: 0.249701
