density: 0.500000
double-occ: 0.018250
sum-rule: 0.250096
