density: 0.500000
double-occ: 0.122554
sum-rule: 0.247761
