density: 0.500000
double-occ: 0.014969
sum-rule: 0.250437
