density: 0.499996
double-occ: 0.070167
sum-rule: 0.247023
