density: 0.500000
double-occ: 0.014748
sum-rule: 0.250788
