density: 0.499999
double-occ: 0.091241
sum-rule: 0.247326
