density: 0.499996
double-occ: 0.074013
sum-rule: 0.247205
