density: 0.500000
double-occ: 0.008595
sum-rule: 0.249779
