density: 0.500000
double-occ: 0.014640
sum-rule: 0.250768
