density: 0.499999
double-occ: 0.096800
sum-rule: 0.247470
