density: 0.500000
double-occ: 0.017361
sum-rule: 0.250186
