density: 0.500000
double-occ: 0.018725
sum-rule: 0.249952
