density: 0.500000
double-occ: 0.022942
sum-rule: 0.248493
