density: 0.500000
double-occ: 0.012549
sum-rule: 0.248976
