density: 0.500001
double-occ: 0.025531
sum-rule: 0.248649
