density: 0.500000
double-occ: 0.058849
sum-rule: 0.246797
