density: 0.500000
double-occ: 0.013071
sum-rule: 0.248419
