density: 0.500000
double-occ: 0.038000
sum-rule: 0.248168
