density: 0.500000
double-occ: 0.010894
sum-rule: 0.249058
