density: 0.500001
double-occ: 0.055900
sum-rule: 0.246878
