density: 0.500000
double-occ: 0.103193
sum-rule: 0.247351
