density: 0.500000
double-occ: 0.061083
sum-rule: 0.246825
