density: 0.500000
double-occ: 0.051551
sum-rule: 0.246907
