density: 0.500001
double-occ: 0.081795
sum-rule: 0.247066
