density: 0.500000
double-occ: 0.010437
sum-rule: 0.248810
