density: 0.500002
double-occ: 0.027397
sum-rule: 0.248940
