density: 0.500000
double-occ: 0.124181
sum-rule: 0.247442
