density: 0.500000
double-occ: 0.013724
sum-rule: 0.248842
