density: 0.500000
double-occ: 0.063334
sum-rule: 0.246774
