density: 0.500000
double-occ: 0.009557
sum-rule: 0.247924
