density: 0.500000
double-occ: 0.032060
sum-rule: 0.248461
