density: 0.500000
double-occ: 0.042533
sum-rule: 0.247949
