density: 0.499999
double-occ: 0.077895
sum-rule: 0.246924
