density: 0.500001
double-occ: 0.025987
sum-rule: 0.248727
