density: 0.500000
double-occ: 0.033771
sum-rule: 0.248648
