density: 0.499999
double-occ: 0.020223
sum-rule: 0.248904
