density: 0.500000
double-occ: 0.012634
sum-rule: 0.248984
