density: 0.500000
double-occ: 0.104795
sum-rule: 0.247466
