density: 0.500000
double-occ: 0.076342
sum-rule: 0.246895
