density: 0.499999
double-occ: 0.008784
sum-rule: 0.248074
