density: 0.500000
double-occ: 0.010501
sum-rule: 0.248855
