density: 0.500001
double-occ: 0.069408
sum-rule: 0.246853
