density: 0.500000
double-occ: 0.031504
sum-rule: 0.248385
