density: 0.500000
double-occ: 0.096803
sum-rule: 0.247226
