density: 0.500000
double-occ: 0.084932
sum-rule: 0.247031
