density: 0.500000
double-occ: 0.009032
sum-rule: 0.248028
