density: 0.499999
double-occ: 0.008234
sum-rule: 0.248098
