density: 0.500000
double-occ: 0.092827
sum-rule: 0.247279
