density: 0.500000
double-occ: 0.033194
sum-rule: 0.248594
