density: 0.500000
double-occ: 0.016834
sum-rule: 0.248583
