density: 0.500000
double-occ: 0.075567
sum-rule: 0.246883
