density: 0.500000
double-occ: 0.073248
sum-rule: 0.246851
