density: 0.500000
double-occ: 0.115264
sum-rule: 0.247574
