density: 0.499999
double-occ: 0.020884
sum-rule: 0.249019
