density: 0.500000
double-occ: 0.009667
sum-rule: 0.248091
