density: 0.500000
double-occ: 0.013252
sum-rule: 0.248631
