density: 0.499999
double-occ: 0.053712
sum-rule: 0.246890
