density: 0.500000
double-occ: 0.012982
sum-rule: 0.248322
