density: 0.499999
double-occ: 0.021229
sum-rule: 0.249083
