density: 0.500000
double-occ: 0.009235
sum-rule: 0.248221
