density: 0.500000
double-occ: 0.090451
sum-rule: 0.247181
