density: 0.499999
double-occ: 0.008832
sum-rule: 0.248159
