density: 0.500000
double-occ: 0.011828
sum-rule: 0.248247
