density: 0.500001
double-occ: 0.047309
sum-rule: 0.247117
