density: 0.500000
double-occ: 0.017117
sum-rule: 0.248662
