density: 0.500000
double-occ: 0.116074
sum-rule: 0.247345
