density: 0.500000
double-occ: 0.028842
sum-rule: 0.248012
