density: 0.500003
double-occ: 0.027885
sum-rule: 0.249011
