density: 0.500001
double-occ: 0.008458
sum-rule: 0.247992
