density: 0.500000
double-occ: 0.083361
sum-rule: 0.247155
