density: 0.500000
double-occ: 0.050834
sum-rule: 0.247034
