density: 0.499999
double-occ: 0.111229
sum-rule: 0.247419
