density: 0.500000
double-occ: 0.065599
sum-rule: 0.246930
