density: 0.500000
double-occ: 0.048007
sum-rule: 0.247137
