density: 0.500001
double-occ: 0.008642
sum-rule: 0.248323
