density: 0.500000
double-occ: 0.010760
sum-rule: 0.249004
