density: 0.500000
double-occ: 0.009612
sum-rule: 0.248017
