density: 0.500000
double-occ: 0.009133
sum-rule: 0.248060
