density: 0.499999
double-occ: 0.019902
sum-rule: 0.248840
