density: 0.500000
double-occ: 0.010826
sum-rule: 0.249032
