density: 0.499999
double-occ: 0.062581
sum-rule: 0.246818
