density: 0.500000
double-occ: 0.091243
sum-rule: 0.247149
