density: 0.500000
double-occ: 0.119311
sum-rule: 0.247609
