density: 0.500000
double-occ: 0.097599
sum-rule: 0.247238
