density: 0.499999
double-occ: 0.064086
sum-rule: 0.246803
