density: 0.500000
double-occ: 0.032623
sum-rule: 0.248534
