density: 0.499999
double-occ: 0.008930
sum-rule: 0.248323
