density: 0.499999
double-occ: 0.078672
sum-rule: 0.246943
