density: 0.500000
double-occ: 0.011752
sum-rule: 0.248269
