density: 0.500000
double-occ: 0.011239
sum-rule: 0.248244
