density: 0.500000
double-occ: 0.058107
sum-rule: 0.246996
