density: 0.500000
double-occ: 0.070173
sum-rule: 0.246884
