density: 0.500002
double-occ: 0.035540
sum-rule: 0.247989
