density: 0.500001
double-occ: 0.008324
sum-rule: 0.247949
