density: 0.500000
double-occ: 0.018217
sum-rule: 0.248752
