density: 0.500000
double-occ: 0.105599
sum-rule: 0.247290
