density: 0.500000
double-occ: 0.106402
sum-rule: 0.247342
