density: 0.500000
double-occ: 0.029359
sum-rule: 0.248088
