density: 0.500000
double-occ: 0.037375
sum-rule: 0.247948
