density: 0.500001
double-occ: 0.024216
sum-rule: 0.248490
