density: 0.499999
double-occ: 0.008979
sum-rule: 0.248414
