density: 0.500000
double-occ: 0.010071
sum-rule: 0.248246
