density: 0.500000
double-occ: 0.049412
sum-rule: 0.247359
