density: 0.500000
double-occ: 0.010192
sum-rule: 0.248335
