density: 0.500004
double-occ: 0.028381
sum-rule: 0.249079
