density: 0.500000
double-occ: 0.125806
sum-rule: 0.247604
