density: 0.500000
double-occ: 0.102392
sum-rule: 0.247298
