density: 0.500000
double-occ: 0.019281
sum-rule: 0.248718
