density: 0.500000
double-occ: 0.108008
sum-rule: 0.247463
