density: 0.499999
double-occ: 0.022292
sum-rule: 0.249248
