density: 0.500000
double-occ: 0.034939
sum-rule: 0.247928
