density: 0.500000
double-occ: 0.045923
sum-rule: 0.247251
