density: 0.500000
double-occ: 0.045235
sum-rule: 0.247696
