density: 0.500000
double-occ: 0.009894
sum-rule: 0.248378
