density: 0.499999
double-occ: 0.054438
sum-rule: 0.246829
