density: 0.500000
double-occ: 0.010961
sum-rule: 0.249079
