density: 0.500000
double-occ: 0.096006
sum-rule: 0.247190
