density: 0.500001
double-occ: 0.008550
sum-rule: 0.248152
