density: 0.500000
double-occ: 0.012301
sum-rule: 0.248664
