density: 0.500000
double-occ: 0.086504
sum-rule: 0.247119
