density: 0.500000
double-occ: 0.101591
sum-rule: 0.247430
