density: 0.500000
double-occ: 0.012061
sum-rule: 0.248564
