density: 0.500000
double-occ: 0.009184
sum-rule: 0.248141
