density: 0.500000
double-occ: 0.010131
sum-rule: 0.248300
