density: 0.500000
double-occ: 0.010629
sum-rule: 0.248936
