density: 0.500000
double-occ: 0.011677
sum-rule: 0.248216
