density: 0.500000
double-occ: 0.089661
sum-rule: 0.247119
