density: 0.500000
double-occ: 0.055168
sum-rule: 0.246905
