density: 0.500000
double-occ: 0.107205
sum-rule: 0.247396
