density: 0.500000
double-occ: 0.061831
sum-rule: 0.246799
