density: 0.500001
double-occ: 0.095211
sum-rule: 0.247210
