density: 0.499998
double-occ: 0.036142
sum-rule: 0.247979
