density: 0.500001
double-occ: 0.011168
sum-rule: 0.249325
