density: 0.500000
double-occ: 0.081013
sum-rule: 0.247024
