density: 0.500001
double-occ: 0.056634
sum-rule: 0.246815
