density: 0.500000
double-occ: 0.060337
sum-rule: 0.246754
