density: 0.500000
double-occ: 0.010251
sum-rule: 0.248654
