density: 0.500000
double-occ: 0.034355
sum-rule: 0.248702
