density: 0.499999
double-occ: 0.021935
sum-rule: 0.249205
