density: 0.500000
double-occ: 0.074793
sum-rule: 0.246873
