density: 0.500000
double-occ: 0.009394
sum-rule: 0.248037
