density: 0.500000
double-occ: 0.017938
sum-rule: 0.248692
