density: 0.500000
double-occ: 0.100791
sum-rule: 0.247398
