density: 0.500000
double-occ: 0.030956
sum-rule: 0.248315
