density: 0.500000
double-occ: 0.041212
sum-rule: 0.247691
