density: 0.500001
double-occ: 0.008504
sum-rule: 0.248065
