density: 0.499999
double-occ: 0.008689
sum-rule: 0.248064
