density: 0.500000
double-occ: 0.067119
sum-rule: 0.246787
