density: 0.500000
double-occ: 0.123368
sum-rule: 0.247636
