density: 0.500000
double-occ: 0.064843
sum-rule: 0.246843
