density: 0.500001
double-occ: 0.026448
sum-rule: 0.248794
