density: 0.500002
double-occ: 0.026918
sum-rule: 0.248859
