density: 0.500000
double-occ: 0.018684
sum-rule: 0.248600
