density: 0.500000
double-occ: 0.009724
sum-rule: 0.248151
