density: 0.500001
double-occ: 0.023350
sum-rule: 0.248571
