density: 0.499999
double-occ: 0.008736
sum-rule: 0.248129
