density: 0.500000
double-occ: 0.077118
sum-rule: 0.246909
