density: 0.500000
double-occ: 0.016232
sum-rule: 0.248430
