density: 0.500001
double-occ: 0.024649
sum-rule: 0.248537
