density: 0.500000
double-occ: 0.117692
sum-rule: 0.247470
