density: 0.500000
double-occ: 0.011982
sum-rule: 0.248524
