density: 0.500000
double-occ: 0.108812
sum-rule: 0.247546
