density: 0.500000
double-occ: 0.010313
sum-rule: 0.248709
