density: 0.500000
double-occ: 0.038631
sum-rule: 0.248220
