density: 0.500000
double-occ: 0.013531
sum-rule: 0.248817
