density: 0.500000
double-occ: 0.044553
sum-rule: 0.247652
