density: 0.500000
double-occ: 0.074020
sum-rule: 0.246860
