density: 0.500001
double-occ: 0.008368
sum-rule: 0.248041
