density: 0.499998
double-occ: 0.008410
sum-rule: 0.248189
