density: 0.500000
double-occ: 0.059591
sum-rule: 0.246795
