density: 0.500000
double-occ: 0.088870
sum-rule: 0.247153
