density: 0.500001
double-occ: 0.025087
sum-rule: 0.248593
