density: 0.500000
double-occ: 0.013161
sum-rule: 0.248443
