density: 0.499999
double-occ: 0.021578
sum-rule: 0.249138
