density: 0.499999
double-occ: 0.094414
sum-rule: 0.247392
