density: 0.500001
double-occ: 0.012720
sum-rule: 0.249130
