density: 0.500000
double-occ: 0.043876
sum-rule: 0.247463
