density: 0.500000
double-occ: 0.122556
sum-rule: 0.247560
