density: 0.500000
double-occ: 0.067880
sum-rule: 0.246810
