density: 0.500000
double-occ: 0.112036
sum-rule: 0.247331
