density: 0.500000
double-occ: 0.009837
sum-rule: 0.248310
