density: 0.500001
double-occ: 0.011099
sum-rule: 0.249299
