density: 0.500000
double-occ: 0.114456
sum-rule: 0.247512
