density: 0.500001
double-occ: 0.071707
sum-rule: 0.246983
