density: 0.500000
double-occ: 0.012220
sum-rule: 0.248632
