density: 0.500000
double-occ: 0.110423
sum-rule: 0.247349
