density: 0.500001
double-occ: 0.023798
sum-rule: 0.248441
