density: 0.500000
double-occ: 0.085718
sum-rule: 0.247061
