DENSITY: 0.500000
DOUBLE-OCC: 0.063991
SUM-RULE: 0.233082
