DENSITY: 0.499999
DOUBLE-OCC: 0.110453
SUM-RULE: 0.226773
