DENSITY: 0.500000
DOUBLE-OCC: 0.087252
SUM-RULE: 0.228954
