DENSITY: 0.499962
DOUBLE-OCC: 0.025541
SUM-RULE: 0.236096
