DENSITY: 0.500000
DOUBLE-OCC: 0.015082
SUM-RULE: 0.247746
