DENSITY: 0.499997
DOUBLE-OCC: 0.014426
SUM-RULE: 0.248719
