DENSITY: 0.500000
DOUBLE-OCC: 0.008695
SUM-RULE: 0.244147
