DENSITY: 0.500000
DOUBLE-OCC: 0.013440
SUM-RULE: 0.245639
