DENSITY: 0.500000
DOUBLE-OCC: 0.096793
SUM-RULE: 0.227835
