DENSITY: 0.500000
DOUBLE-OCC: 0.010316
SUM-RULE: 0.245257
