DENSITY: 0.500001
DOUBLE-OCC: 0.033855
SUM-RULE: 0.236219
