DENSITY: 0.500003
DOUBLE-OCC: 0.036186
SUM-RULE: 0.236215
