DENSITY: 0.500000
DOUBLE-OCC: 0.158621
SUM-RULE: 0.231200
