DENSITY: 0.500000
DOUBLE-OCC: 0.101599
SUM-RULE: 0.227246
