DENSITY: 0.500000
DOUBLE-OCC: 0.086462
SUM-RULE: 0.229076
