DENSITY: 0.500002
DOUBLE-OCC: 0.030618
SUM-RULE: 0.236172
