DENSITY: 0.500000
DOUBLE-OCC: 0.060239
SUM-RULE: 0.233734
