DENSITY: 0.500000
DOUBLE-OCC: 0.106422
SUM-RULE: 0.226930
