DENSITY: 0.499999
DOUBLE-OCC: 0.116923
SUM-RULE: 0.226727
