DENSITY: 0.500000
DOUBLE-OCC: 0.043830
SUM-RULE: 0.235873
