DENSITY: 0.500000
DOUBLE-OCC: 0.114495
SUM-RULE: 0.226702
