DENSITY: 0.500000
DOUBLE-OCC: 0.142191
SUM-RULE: 0.228641
