DENSITY: 0.500000
DOUBLE-OCC: 0.074713
SUM-RULE: 0.231096
