DENSITY: 0.500000
DOUBLE-OCC: 0.115303
SUM-RULE: 0.226740
