DENSITY: 0.499999
DOUBLE-OCC: 0.120167
SUM-RULE: 0.226811
