DENSITY: 0.500000
DOUBLE-OCC: 0.117735
SUM-RULE: 0.226725
