DENSITY: 0.500000
DOUBLE-OCC: 0.015196
SUM-RULE: 0.247904
