DENSITY: 0.500000
DOUBLE-OCC: 0.095197
SUM-RULE: 0.227882
