DENSITY: 0.500000
DOUBLE-OCC: 0.026828
SUM-RULE: 0.236084
