DENSITY: 0.500000
DOUBLE-OCC: 0.067024
SUM-RULE: 0.232531
