DENSITY: 0.499999
DOUBLE-OCC: 0.011103
SUM-RULE: 0.244194
