DENSITY: 0.500000
DOUBLE-OCC: 0.054349
SUM-RULE: 0.234669
