DENSITY: 0.500000
DOUBLE-OCC: 0.075489
SUM-RULE: 0.230959
