DENSITY: 0.500003
DOUBLE-OCC: 0.013164
SUM-RULE: 0.248970
