DENSITY: 0.500007
DOUBLE-OCC: 0.011036
SUM-RULE: 0.248608
