DENSITY: 0.500000
DOUBLE-OCC: 0.058753
SUM-RULE: 0.233985
