DENSITY: 0.500001
DOUBLE-OCC: 0.015545
SUM-RULE: 0.248360
