DENSITY: 0.500000
DOUBLE-OCC: 0.011456
SUM-RULE: 0.247494
