DENSITY: 0.500000
DOUBLE-OCC: 0.014018
SUM-RULE: 0.248790
