DENSITY: 0.499997
DOUBLE-OCC: 0.014322
SUM-RULE: 0.248722
