DENSITY: 0.500001
DOUBLE-OCC: 0.011528
SUM-RULE: 0.249238
