DENSITY: 0.500000
DOUBLE-OCC: 0.014859
SUM-RULE: 0.247469
