DENSITY: 0.500044
DOUBLE-OCC: 0.025225
SUM-RULE: 0.235851
