DENSITY: 0.500001
DOUBLE-OCC: 0.111261
SUM-RULE: 0.226754
