DENSITY: 0.500000
DOUBLE-OCC: 0.055807
SUM-RULE: 0.234448
