DENSITY: 0.499999
DOUBLE-OCC: 0.121791
SUM-RULE: 0.226866
