DENSITY: 0.500000
DOUBLE-OCC: 0.045865
SUM-RULE: 0.235698
