DENSITY: 0.500000
DOUBLE-OCC: 0.049339
SUM-RULE: 0.235337
