DENSITY: 0.500000
DOUBLE-OCC: 0.094400
SUM-RULE: 0.227982
