DENSITY: 0.500001
DOUBLE-OCC: 0.051468
SUM-RULE: 0.235077
