DENSITY: 0.500000
DOUBLE-OCC: 0.058013
SUM-RULE: 0.234100
