DENSITY: 0.500006
DOUBLE-OCC: 0.011833
SUM-RULE: 0.249257
