DENSITY: 0.500001
DOUBLE-OCC: 0.015311
SUM-RULE: 0.248037
