DENSITY: 0.500000
DOUBLE-OCC: 0.056540
SUM-RULE: 0.234334
