DENSITY: 0.500000
DOUBLE-OCC: 0.076266
SUM-RULE: 0.230816
