DENSITY: 0.499999
DOUBLE-OCC: 0.014533
SUM-RULE: 0.248570
