DENSITY: 0.500000
DOUBLE-OCC: 0.061733
SUM-RULE: 0.233525
