DENSITY: 0.500003
DOUBLE-OCC: 0.038635
SUM-RULE: 0.236166
