DENSITY: 0.499999
DOUBLE-OCC: 0.123417
SUM-RULE: 0.226947
