DENSITY: 0.500001
DOUBLE-OCC: 0.015665
SUM-RULE: 0.248577
