DENSITY: 0.500000
DOUBLE-OCC: 0.014970
SUM-RULE: 0.247604
