DENSITY: 0.500000
DOUBLE-OCC: 0.060985
SUM-RULE: 0.233607
