DENSITY: 0.500000
DOUBLE-OCC: 0.031133
SUM-RULE: 0.236184
