DENSITY: 0.500000
DOUBLE-OCC: 0.044504
SUM-RULE: 0.235822
