DENSITY: 0.499999
DOUBLE-OCC: 0.033291
SUM-RULE: 0.236214
