DENSITY: 0.499999
DOUBLE-OCC: 0.012804
SUM-RULE: 0.249083
