DENSITY: 0.500000
DOUBLE-OCC: 0.099194
SUM-RULE: 0.227466
