DENSITY: 0.499999
DOUBLE-OCC: 0.108839
SUM-RULE: 0.226834
