DENSITY: 0.500000
DOUBLE-OCC: 0.113686
SUM-RULE: 0.226703
