DENSITY: 0.500000
DOUBLE-OCC: 0.046551
SUM-RULE: 0.235633
