DENSITY: 0.500000
DOUBLE-OCC: 0.016031
SUM-RULE: 0.249068
