DENSITY: 0.500000
DOUBLE-OCC: 0.090422
SUM-RULE: 0.228488
