DENSITY: 0.500000
DOUBLE-OCC: 0.077045
SUM-RULE: 0.230677
