DENSITY: 0.500000
DOUBLE-OCC: 0.134011
SUM-RULE: 0.227693
