DENSITY: 0.500001
DOUBLE-OCC: 0.112876
SUM-RULE: 0.226881
