DENSITY: 0.500000
DOUBLE-OCC: 0.081736
SUM-RULE: 0.229845
