DENSITY: 0.500000
DOUBLE-OCC: 0.016156
SUM-RULE: 0.249311
