DENSITY: 0.499999
DOUBLE-OCC: 0.032193
SUM-RULE: 0.236199
