DENSITY: 0.500000
DOUBLE-OCC: 0.066264
SUM-RULE: 0.232673
