DENSITY: 0.499999
DOUBLE-OCC: 0.013070
SUM-RULE: 0.248850
