DENSITY: 0.500000
DOUBLE-OCC: 0.092807
SUM-RULE: 0.228172
