DENSITY: 0.500001
DOUBLE-OCC: 0.125858
SUM-RULE: 0.227052
