DENSITY: 0.500000
DOUBLE-OCC: 0.013921
SUM-RULE: 0.246142
