DENSITY: 0.499759
DOUBLE-OCC: 0.024598
SUM-RULE: 0.236286
