DENSITY: 0.500000
DOUBLE-OCC: 0.103205
SUM-RULE: 0.227121
