DENSITY: 0.500000
DOUBLE-OCC: 0.077824
SUM-RULE: 0.230538
