DENSITY: 0.500000
DOUBLE-OCC: 0.062484
SUM-RULE: 0.233345
