DENSITY: 0.499999
DOUBLE-OCC: 0.118545
SUM-RULE: 0.226760
