DENSITY: 0.499999
DOUBLE-OCC: 0.012892
SUM-RULE: 0.249056
