DENSITY: 0.500001
DOUBLE-OCC: 0.119357
SUM-RULE: 0.226779
