DENSITY: 0.499999
DOUBLE-OCC: 0.030107
SUM-RULE: 0.236161
