DENSITY: 0.500000
DOUBLE-OCC: 0.009189
SUM-RULE: 0.244112
