DENSITY: 0.500000
DOUBLE-OCC: 0.084095
SUM-RULE: 0.229457
