DENSITY: 0.500000
DOUBLE-OCC: 0.064746
SUM-RULE: 0.232939
