DENSITY: 0.499998
DOUBLE-OCC: 0.041837
SUM-RULE: 0.236026
