DENSITY: 0.499997
DOUBLE-OCC: 0.036783
SUM-RULE: 0.236210
