DENSITY: 0.500008
DOUBLE-OCC: 0.012148
SUM-RULE: 0.249073
