DENSITY: 0.500000
DOUBLE-OCC: 0.093602
SUM-RULE: 0.228068
