DENSITY: 0.500000
DOUBLE-OCC: 0.105617
SUM-RULE: 0.226965
