DENSITY: 0.500001
DOUBLE-OCC: 0.043163
SUM-RULE: 0.235922
