DENSITY: 0.500010
DOUBLE-OCC: 0.028654
SUM-RULE: 0.236131
