DENSITY: 0.500001
DOUBLE-OCC: 0.011384
SUM-RULE: 0.246862
