DENSITY: 0.500001
DOUBLE-OCC: 0.010961
SUM-RULE: 0.249312
