DENSITY: 0.500000
DOUBLE-OCC: 0.089629
SUM-RULE: 0.228608
