DENSITY: 0.500000
DOUBLE-OCC: 0.063236
SUM-RULE: 0.233214
