DENSITY: 0.499998
DOUBLE-OCC: 0.027714
SUM-RULE: 0.236116
