DENSITY: 0.500000
DOUBLE-OCC: 0.107227
SUM-RULE: 0.226881
