DENSITY: 0.500000
DOUBLE-OCC: 0.040540
SUM-RULE: 0.236093
