DENSITY: 0.500001
DOUBLE-OCC: 0.122606
SUM-RULE: 0.226901
