DENSITY: 0.500005
DOUBLE-OCC: 0.029616
SUM-RULE: 0.236148
