DENSITY: 0.500000
DOUBLE-OCC: 0.080952
SUM-RULE: 0.229981
