DENSITY: 0.500000
DOUBLE-OCC: 0.073938
SUM-RULE: 0.231241
