DENSITY: 0.500000
DOUBLE-OCC: 0.012059
SUM-RULE: 0.248920
