DENSITY: 0.500001
DOUBLE-OCC: 0.047244
SUM-RULE: 0.235575
