DENSITY: 0.500001
DOUBLE-OCC: 0.031660
SUM-RULE: 0.236197
