DENSITY: 0.499999
DOUBLE-OCC: 0.016284
SUM-RULE: 0.248432
