DENSITY: 0.500000
DOUBLE-OCC: 0.011904
SUM-RULE: 0.249225
