DENSITY: 0.500000
DOUBLE-OCC: 0.085672
SUM-RULE: 0.229200
