DENSITY: 0.499998
DOUBLE-OCC: 0.035587
SUM-RULE: 0.236218
