DENSITY: 0.500028
DOUBLE-OCC: 0.026011
SUM-RULE: 0.236083
