DENSITY: 0.500001
DOUBLE-OCC: 0.108033
SUM-RULE: 0.226851
