DENSITY: 0.499999
DOUBLE-OCC: 0.012300
SUM-RULE: 0.249132
