DENSITY: 0.499999
DOUBLE-OCC: 0.027267
SUM-RULE: 0.236093
