DENSITY: 0.499997
DOUBLE-OCC: 0.029119
SUM-RULE: 0.236137
