DENSITY: 0.500000
DOUBLE-OCC: 0.104009
SUM-RULE: 0.227066
