DENSITY: 0.500007
DOUBLE-OCC: 0.009730
SUM-RULE: 0.248921
