DENSITY: 0.499999
DOUBLE-OCC: 0.052901
SUM-RULE: 0.234884
