DENSITY: 0.500000
DOUBLE-OCC: 0.080167
SUM-RULE: 0.230123
