DENSITY: 0.500003
DOUBLE-OCC: 0.037396
SUM-RULE: 0.236192
