DENSITY: 0.500000
DOUBLE-OCC: 0.166866
SUM-RULE: 0.232599
