DENSITY: 0.500141
DOUBLE-OCC: 0.025087
SUM-RULE: 0.236016
