DENSITY: 0.500000
DOUBLE-OCC: 0.047938
SUM-RULE: 0.235499
