DENSITY: 0.500000
DOUBLE-OCC: 0.102402
SUM-RULE: 0.227179
