DENSITY: 0.500000
DOUBLE-OCC: 0.045182
SUM-RULE: 0.235763
