DENSITY: 0.499998
DOUBLE-OCC: 0.013249
SUM-RULE: 0.248966
