DENSITY: 0.500001
DOUBLE-OCC: 0.011601
SUM-RULE: 0.249223
