DENSITY: 0.500000
DOUBLE-OCC: 0.071620
SUM-RULE: 0.231682
