DENSITY: 0.500001
DOUBLE-OCC: 0.011244
SUM-RULE: 0.245027
