DENSITY: 0.500001
DOUBLE-OCC: 0.109646
SUM-RULE: 0.226962
