DENSITY: 0.499999
DOUBLE-OCC: 0.125043
SUM-RULE: 0.227013
