DENSITY: 0.500002
DOUBLE-OCC: 0.035004
SUM-RULE: 0.236221
