DENSITY: 0.499999
DOUBLE-OCC: 0.014117
SUM-RULE: 0.248575
