DENSITY: 0.500000
DOUBLE-OCC: 0.014750
SUM-RULE: 0.247326
