DENSITY: 0.500000
DOUBLE-OCC: 0.069316
SUM-RULE: 0.232102
