DENSITY: 0.500004
DOUBLE-OCC: 0.039901
SUM-RULE: 0.236127
