DENSITY: 0.500001
DOUBLE-OCC: 0.015428
SUM-RULE: 0.248182
