DENSITY: 0.500000
DOUBLE-OCC: 0.084881
SUM-RULE: 0.229480
