DENSITY: 0.499999
DOUBLE-OCC: 0.013342
SUM-RULE: 0.248694
