DENSITY: 0.500013
DOUBLE-OCC: 0.024252
SUM-RULE: 0.245105
