DENSITY: 0.500005
DOUBLE-OCC: 0.015791
SUM-RULE: 0.248470
