DENSITY: 0.499997
DOUBLE-OCC: 0.014323
SUM-RULE: 0.248878
