DENSITY: 0.500000
DOUBLE-OCC: 0.095994
SUM-RULE: 0.227884
