DENSITY: 0.500032
DOUBLE-OCC: 0.026278
SUM-RULE: 0.244679
