DENSITY: 0.499999
DOUBLE-OCC: 0.021056
SUM-RULE: 0.247017
