DENSITY: 0.500000
DOUBLE-OCC: 0.158620
SUM-RULE: 0.231163
