DENSITY: 0.499999
DOUBLE-OCC: 0.020859
SUM-RULE: 0.247042
