DENSITY: 0.500002
DOUBLE-OCC: 0.017655
SUM-RULE: 0.248056
