DENSITY: 0.500000
DOUBLE-OCC: 0.073159
SUM-RULE: 0.231655
