DENSITY: 0.500001
DOUBLE-OCC: 0.016812
SUM-RULE: 0.248888
