DENSITY: 0.500000
DOUBLE-OCC: 0.070079
SUM-RULE: 0.232211
