DENSITY: 0.500001
DOUBLE-OCC: 0.014972
SUM-RULE: 0.247249
