DENSITY: 0.500005
DOUBLE-OCC: 0.022320
SUM-RULE: 0.246208
