DENSITY: 0.499996
DOUBLE-OCC: 0.018566
SUM-RULE: 0.247078
