DENSITY: 0.500000
DOUBLE-OCC: 0.070847
SUM-RULE: 0.232076
