DENSITY: 0.500000
DOUBLE-OCC: 0.068547
SUM-RULE: 0.232484
