DENSITY: 0.500001
DOUBLE-OCC: 0.120169
SUM-RULE: 0.226810
