DENSITY: 0.499999
DOUBLE-OCC: 0.104809
SUM-RULE: 0.227185
