DENSITY: 0.500000
DOUBLE-OCC: 0.079384
SUM-RULE: 0.230391
