DENSITY: 0.500000
DOUBLE-OCC: 0.077039
SUM-RULE: 0.230962
