DENSITY: 0.499999
DOUBLE-OCC: 0.013819
SUM-RULE: 0.248723
