DENSITY: 0.500002
DOUBLE-OCC: 0.015911
SUM-RULE: 0.248510
