DENSITY: 0.499999
DOUBLE-OCC: 0.013344
SUM-RULE: 0.249061
