DENSITY: 0.499999
DOUBLE-OCC: 0.013437
SUM-RULE: 0.248954
