DENSITY: 0.500000
DOUBLE-OCC: 0.012219
SUM-RULE: 0.248795
