DENSITY: 0.500000
DOUBLE-OCC: 0.060236
SUM-RULE: 0.233879
