DENSITY: 0.499999
DOUBLE-OCC: 0.012805
SUM-RULE: 0.249163
