DENSITY: 0.500001
DOUBLE-OCC: 0.134012
SUM-RULE: 0.227707
