DENSITY: 0.500000
DOUBLE-OCC: 0.112067
SUM-RULE: 0.226846
