DENSITY: 0.500000
DOUBLE-OCC: 0.084090
SUM-RULE: 0.229743
