DENSITY: 0.500000
DOUBLE-OCC: 0.009190
SUM-RULE: 0.244226
