DENSITY: 0.500030
DOUBLE-OCC: 0.026601
SUM-RULE: 0.243509
