DENSITY: 0.499999
DOUBLE-OCC: 0.020287
SUM-RULE: 0.247351
