DENSITY: 0.500005
DOUBLE-OCC: 0.022544
SUM-RULE: 0.246074
