DENSITY: 0.499999
DOUBLE-OCC: 0.012384
SUM-RULE: 0.245674
