DENSITY: 0.500000
DOUBLE-OCC: 0.076261
SUM-RULE: 0.231101
