DENSITY: 0.499999
DOUBLE-OCC: 0.013531
SUM-RULE: 0.249031
