DENSITY: 0.500000
DOUBLE-OCC: 0.113685
SUM-RULE: 0.226815
