DENSITY: 0.500000
DOUBLE-OCC: 0.077818
SUM-RULE: 0.230821
