DENSITY: 0.500001
DOUBLE-OCC: 0.118546
SUM-RULE: 0.226788
