DENSITY: 0.500000
DOUBLE-OCC: 0.098392
SUM-RULE: 0.227754
