DENSITY: 0.500000
DOUBLE-OCC: 0.063233
SUM-RULE: 0.233395
