DENSITY: 0.500000
DOUBLE-OCC: 0.066259
SUM-RULE: 0.232878
