DENSITY: 0.500025
DOUBLE-OCC: 0.025655
SUM-RULE: 0.244908
