DENSITY: 0.499995
DOUBLE-OCC: 0.011376
SUM-RULE: 0.248587
