DENSITY: 0.500000
DOUBLE-OCC: 0.012551
SUM-RULE: 0.245765
