DENSITY: 0.500000
DOUBLE-OCC: 0.083303
SUM-RULE: 0.229873
