DENSITY: 0.500002
DOUBLE-OCC: 0.014863
SUM-RULE: 0.248756
