DENSITY: 0.500001
DOUBLE-OCC: 0.014752
SUM-RULE: 0.248796
