DENSITY: 0.499996
DOUBLE-OCC: 0.016673
SUM-RULE: 0.248416
