DENSITY: 0.500015
DOUBLE-OCC: 0.024789
SUM-RULE: 0.244798
