DENSITY: 0.500029
DOUBLE-OCC: 0.025962
SUM-RULE: 0.244864
