DENSITY: 0.500000
DOUBLE-OCC: 0.099992
SUM-RULE: 0.227593
