DENSITY: 0.499999
DOUBLE-OCC: 0.119356
SUM-RULE: 0.226797
