DENSITY: 0.500000
DOUBLE-OCC: 0.012895
SUM-RULE: 0.245867
