DENSITY: 0.500000
DOUBLE-OCC: 0.008239
SUM-RULE: 0.244741
