DENSITY: 0.499996
DOUBLE-OCC: 0.018098
SUM-RULE: 0.247938
