DENSITY: 0.500001
DOUBLE-OCC: 0.116924
SUM-RULE: 0.226776
