DENSITY: 0.499999
DOUBLE-OCC: 0.021460
SUM-RULE: 0.246870
