DENSITY: 0.500001
DOUBLE-OCC: 0.015313
SUM-RULE: 0.248606
