DENSITY: 0.499999
DOUBLE-OCC: 0.014019
SUM-RULE: 0.248937
