DENSITY: 0.500001
DOUBLE-OCC: 0.009723
SUM-RULE: 0.249170
