DENSITY: 0.500000
DOUBLE-OCC: 0.089624
SUM-RULE: 0.228873
