DENSITY: 0.500000
DOUBLE-OCC: 0.063986
SUM-RULE: 0.233267
