DENSITY: 0.500003
DOUBLE-OCC: 0.017226
SUM-RULE: 0.248237
