DENSITY: 0.500012
DOUBLE-OCC: 0.023740
SUM-RULE: 0.245311
