DENSITY: 0.500000
DOUBLE-OCC: 0.061731
SUM-RULE: 0.233640
