DENSITY: 0.500000
DOUBLE-OCC: 0.095196
SUM-RULE: 0.227981
