DENSITY: 0.500000
DOUBLE-OCC: 0.065500
SUM-RULE: 0.233009
