DENSITY: 0.500000
DOUBLE-OCC: 0.013252
SUM-RULE: 0.249093
