DENSITY: 0.500000
DOUBLE-OCC: 0.088834
SUM-RULE: 0.228842
