DENSITY: 0.500000
DOUBLE-OCC: 0.097593
SUM-RULE: 0.227709
