DENSITY: 0.500000
DOUBLE-OCC: 0.085667
SUM-RULE: 0.229487
