DENSITY: 0.500000
DOUBLE-OCC: 0.013725
SUM-RULE: 0.245913
