DENSITY: 0.500005
DOUBLE-OCC: 0.023004
SUM-RULE: 0.245829
