DENSITY: 0.500000
DOUBLE-OCC: 0.078599
SUM-RULE: 0.230686
