DENSITY: 0.500000
DOUBLE-OCC: 0.018891
SUM-RULE: 0.247656
