DENSITY: 0.500000
DOUBLE-OCC: 0.059492
SUM-RULE: 0.233993
