DENSITY: 0.499999
DOUBLE-OCC: 0.020102
SUM-RULE: 0.247450
