DENSITY: 0.500039
DOUBLE-OCC: 0.026947
SUM-RULE: 0.243478
