DENSITY: 0.500000
DOUBLE-OCC: 0.086457
SUM-RULE: 0.229361
