DENSITY: 0.500000
DOUBLE-OCC: 0.013070
SUM-RULE: 0.249073
