DENSITY: 0.500000
DOUBLE-OCC: 0.108031
SUM-RULE: 0.227001
