DENSITY: 0.500001
DOUBLE-OCC: 0.055807
SUM-RULE: 0.234472
