DENSITY: 0.499999
DOUBLE-OCC: 0.017083
SUM-RULE: 0.248253
