DENSITY: 0.500015
DOUBLE-OCC: 0.024518
SUM-RULE: 0.244917
