DENSITY: 0.500001
DOUBLE-OCC: 0.123418
SUM-RULE: 0.226910
