DENSITY: 0.500006
DOUBLE-OCC: 0.012066
SUM-RULE: 0.249216
