DENSITY: 0.500000
DOUBLE-OCC: 0.094396
SUM-RULE: 0.228212
