DENSITY: 0.500000
DOUBLE-OCC: 0.019059
SUM-RULE: 0.246266
