DENSITY: 0.499999
DOUBLE-OCC: 0.014119
SUM-RULE: 0.248920
