DENSITY: 0.500000
DOUBLE-OCC: 0.012140
SUM-RULE: 0.249275
