DENSITY: 0.500000
DOUBLE-OCC: 0.084878
SUM-RULE: 0.229615
