DENSITY: 0.499999
DOUBLE-OCC: 0.019920
SUM-RULE: 0.247531
