DENSITY: 0.499999
DOUBLE-OCC: 0.013626
SUM-RULE: 0.249010
