DENSITY: 0.500003
DOUBLE-OCC: 0.015549
SUM-RULE: 0.248564
