DENSITY: 0.500000
DOUBLE-OCC: 0.056538
SUM-RULE: 0.234427
