DENSITY: 0.500000
DOUBLE-OCC: 0.088040
SUM-RULE: 0.229119
