DENSITY: 0.500000
DOUBLE-OCC: 0.080163
SUM-RULE: 0.230412
