DENSITY: 0.500000
DOUBLE-OCC: 0.082517
SUM-RULE: 0.230008
