DENSITY: 0.499999
DOUBLE-OCC: 0.019742
SUM-RULE: 0.247628
