DENSITY: 0.500017
DOUBLE-OCC: 0.025356
SUM-RULE: 0.244356
