DENSITY: 0.500000
DOUBLE-OCC: 0.075484
SUM-RULE: 0.231240
