DENSITY: 0.500000
DOUBLE-OCC: 0.071617
SUM-RULE: 0.231937
