DENSITY: 0.500002
DOUBLE-OCC: 0.016287
SUM-RULE: 0.248427
