DENSITY: 0.499999
DOUBLE-OCC: 0.125857
SUM-RULE: 0.227060
