DENSITY: 0.500002
DOUBLE-OCC: 0.012303
SUM-RULE: 0.248605
