DENSITY: 0.500000
DOUBLE-OCC: 0.069312
SUM-RULE: 0.232348
