DENSITY: 0.500000
DOUBLE-OCC: 0.080947
SUM-RULE: 0.230282
