DENSITY: 0.500001
DOUBLE-OCC: 0.016032
SUM-RULE: 0.248573
