DENSITY: 0.500000
DOUBLE-OCC: 0.108838
SUM-RULE: 0.226962
