DENSITY: 0.499999
DOUBLE-OCC: 0.010312
SUM-RULE: 0.249096
