DENSITY: 0.500000
DOUBLE-OCC: 0.114493
SUM-RULE: 0.226801
