DENSITY: 0.500000
DOUBLE-OCC: 0.057273
SUM-RULE: 0.234323
