DENSITY: 0.500000
DOUBLE-OCC: 0.060982
SUM-RULE: 0.233762
