DENSITY: 0.500000
DOUBLE-OCC: 0.106419
SUM-RULE: 0.227081
