DENSITY: 0.500000
DOUBLE-OCC: 0.111260
SUM-RULE: 0.226871
