DENSITY: 0.499997
DOUBLE-OCC: 0.014533
SUM-RULE: 0.248840
