DENSITY: 0.500000
DOUBLE-OCC: 0.016411
SUM-RULE: 0.249612
