DENSITY: 0.500000
DOUBLE-OCC: 0.100794
SUM-RULE: 0.227516
