DENSITY: 0.499999
DOUBLE-OCC: 0.021256
SUM-RULE: 0.246938
