DENSITY: 0.500001
DOUBLE-OCC: 0.121793
SUM-RULE: 0.226917
