DENSITY: 0.500001
DOUBLE-OCC: 0.011606
SUM-RULE: 0.246309
