DENSITY: 0.499999
DOUBLE-OCC: 0.011453
SUM-RULE: 0.248840
