DENSITY: 0.500000
DOUBLE-OCC: 0.015083
SUM-RULE: 0.247576
