DENSITY: 0.500000
DOUBLE-OCC: 0.010960
SUM-RULE: 0.249017
