DENSITY: 0.500000
DOUBLE-OCC: 0.090418
SUM-RULE: 0.228757
