DENSITY: 0.499999
DOUBLE-OCC: 0.021668
SUM-RULE: 0.246734
