DENSITY: 0.499996
DOUBLE-OCC: 0.011899
SUM-RULE: 0.248790
