DENSITY: 0.500001
DOUBLE-OCC: 0.011982
SUM-RULE: 0.249563
