DENSITY: 0.500000
DOUBLE-OCC: 0.011674
SUM-RULE: 0.248968
