DENSITY: 0.500000
DOUBLE-OCC: 0.011310
SUM-RULE: 0.249376
