DENSITY: 0.499998
DOUBLE-OCC: 0.012464
SUM-RULE: 0.248574
