DENSITY: 0.500000
DOUBLE-OCC: 0.072388
SUM-RULE: 0.231798
