DENSITY: 0.499998
DOUBLE-OCC: 0.014220
SUM-RULE: 0.248889
