DENSITY: 0.500001
DOUBLE-OCC: 0.016546
SUM-RULE: 0.248459
