DENSITY: 0.500000
DOUBLE-OCC: 0.092009
SUM-RULE: 0.228390
