DENSITY: 0.500000
DOUBLE-OCC: 0.107226
SUM-RULE: 0.227039
