DENSITY: 0.500000
DOUBLE-OCC: 0.062481
SUM-RULE: 0.233519
