DENSITY: 0.500006
DOUBLE-OCC: 0.011533
SUM-RULE: 0.249309
