DENSITY: 0.500002
DOUBLE-OCC: 0.017510
SUM-RULE: 0.248127
