DENSITY: 0.500003
DOUBLE-OCC: 0.018256
SUM-RULE: 0.248079
