DENSITY: 0.499999
DOUBLE-OCC: 0.117733
SUM-RULE: 0.226792
