DENSITY: 0.500000
DOUBLE-OCC: 0.105615
SUM-RULE: 0.227134
