DENSITY: 0.499996
DOUBLE-OCC: 0.011025
SUM-RULE: 0.248922
