DENSITY: 0.500000
DOUBLE-OCC: 0.020667
SUM-RULE: 0.246894
