DENSITY: 0.500001
DOUBLE-OCC: 0.019570
SUM-RULE: 0.247467
