DENSITY: 0.499998
DOUBLE-OCC: 0.014641
SUM-RULE: 0.248831
